57
61
27
22
99
73
22
65
11
43
83
44
41
55
12
19
33
66
55
41
44
49
45
93
44
11
55
57
77
71
88
11
99
79
11
88
22
44
15
74
22
44
33
24
65
77
37
52
33
17
59
23
54
44
99
85
77
33
22
11
17
11
66
66
27
88
11
11
53
88
77
76
47
26
14
28
15
66
58
99
55
84
55
58
99
66
99
38
45
33
27
53
66
44
36
98
57
44
42
77
87
11
12
33
44
77
77
57
48
26
31
46
68
72
57
16
77
66
33
13
66
77
77
88
79
55
33
72
11
33
29
66
76
49
92
99
33
99
66
64
49
38
22
11
45
34
95
88
53
99
24
44
32
52
36
95
89
99
89
88
44
22
67
77
79
33
45
11
65
11
88
67
77
82
72
11
99
38
99
11
23
77
59
55
88
36
33
29
43
17
77
55
58
77
38
44
34
75
57
68
11
88
81
66
22
98
66
75
11
29
11
88
11
33
13
31
62
71
33
24
42
99
44
83
99
33
22
82
77
96
14
96
53
77
47
57
55
78
77
46
99
84
11
38
27
64
22
81
65
62
49
57
55
11
44
11
25
98
44
73
44
65
22
66
38
44
36
99
45
18
85
66
96
91
52
28
99
99
72
53
75
11
49
14
74
44
35
77
22
84
63
15
57
73
55
78
41
54
11
36
75
17
99
55
82
91
49
37
44
57
44
85
22
81
77
88
29
59
43
82
38
46
56
53
77
74
78
21
99
52
22
65
37
66
66
58
39
75
38
93
71
18
22
44
44
69
44
16
66
35
88
12
73
19
33
11
92
99
59
11
45
45
39
46
98
12
75
63
43
17
47
52
89
13
83
69
44
55
66
28
21
61
19
77
22
44
63
44
84
64
99
54
49
55
83
39
88
33
22
77
66
82
75
22
29
11
33
66
18
88
18
33
29
13
34
88
11
26
77
99
45
21
99
33
64
31
16
11
19
11
41
77
88
45
33
15
87
44
26
48
34
11
21
11
41
67
58
66
29
61
11
22
31
85
66
83
55
77
95
84
64
12
78
15
66
55
25
16
55
22
66
45
61
93
55
66
36
64
37
58
45
78
33
44
55
44
33
34
67
66
21
44
11
33
11
33
88
33
22
66
55
83
26
44
47
99
58
22
91
31
23
55
96
35
99
64
42
25
15
18
11
22
99
99
22
66
82
16
66
33
62
13
41
72
33
34
54
65
85
44
32
11
77
27
41
77
38
41
44
82
77
18
55
33
39
87
13
72
97
55
59
77
66
69
99
22
83
19
27
27
86
19
88
55
99
89
99
14
22
32
62
86
35
64
23
19
16
44
55
16
44
88
61
34
99
99
66
19
79
72
11
11
59
66
13
26
54
66
56
31
99
66
44
86
95
66
61
77
22
55
61
46
77
31
11
94
28
89
59
91
36
18
88
33
11
64
49
75
68
11
11
13
22
74
11
99
55
88
88
92
11
55
73
43
88
38
91
23
64
45
22
78
93
59
99
99
67
99
73
14
44
22
29
18
63
36
74
21
49
81
33
72
52
95
87
89
12
55
29
66
66
16
17
11
55
44
44
57
55
55
11
32
75
71
11
26
88
15
86
81
98
76
44
22
54
45
12
84
11
42
13
18
97
11
44
77
63
27
27
67
44
11
22
44
44
58
31
44
22
99
66
14
86
61
42
26
43
26
66
99
32
77
55
41
14
42
35
11
39
55
23
21
66
61
44
47
78
91
22
12
76
82
84
97
72
52
16
61
34
22
28
73
57
11
54
79
28
25
23
55
89
36
11
99
77
35
66
26
11
17
66
69
88
11
27
33
99
73
77
85
92
68
22
81
75
92
99
44
66
33
17
76
52
84
36
44
84
97
81
88
47
11
88
47
64
82
11
99
86
21
89
68
16
34
77
22
67
43
88
89
36
69
88
44
22
99
88
99
99
22
22
36
89
75
49
31
66
47
38
75
85
41
76
61
22
11
61
99
49
88
45
11
41
77
94
66
28
39
55
56
62
99
93
95
75
11
87
99
54
74
11
32
16
55
34
17
67
14
76
66
72
74
66
83
82
55
91
44
77
99
88
72
71
54
55
61
49
42
66
77
46
66
77
43
75
77
26
74
63
44
96
15
32
11
17
57
33
51
11
54
77
76
69
38
24
33
89
18
91
22
66
75
99
66
55
77
34
85
99
78
65
88
55
77
84
44
12
38
87
25
92
99
94
88
89
88
66
32
88
11
55
66
24
33
77
58
22
44
88
31
